6
509.61066727392335 646.1991344728718
290.1545859090908 98.82781713018596
524.6311307700365 652.3002562691505
43.27565326593585 52.31064484757964
307.8137080410225 524.5036518938568
778.1067285741328 420.8776440508362
5
216.64356182457033 838.5377228631384
216.86379617038665 441.3104850099876
223.13981757863587 304.13394371158097
224.13167339674567 339.15388647653566
203.9713076896078 526.4209878929779
9
163.07292912001236 245.86365831363076
419.9052287898527 774.7876480833921
760.8987130465779 226.69746770445641
722.1091368305077 349.09380023059424
924.9504835810961 763.11438464479
407.9999481923614 348.0379841127401
608.6430158091134 98.79639633820226
916.1931709582548 982.1816437526678
643.1551375803989 640.4690088419522
5
356.1755212724528 265.6472440990485
531.6320671027961 553.2719427168288
240.4531923800941 530.7418181390497
413.3293794703113 846.2761304510404
492.27115107173756 297.8275723294831
6
812.2566192238413 266.2274420620727
849.092967088858 312.0187835864969
574.4663495604544 95.97766988460543
461.18377889618813 708.3214936994988
428.9729726085547 197.14207729515743
187.55650925342982 258.3502699300978
7
302.0975141609632 750.1769450630169
649.4861928431726 772.109297419198
774.7606952010423 642.5422039289309
220.50815073714924 883.7619684932613
732.8910686287712 291.799317274365
47.15866149069359 828.0983965526767
273.9680125275287 239.47936862146003
8
572.369644516076 265.79608878548646
132.2562727418023 433.77910968662
246.08227303384277 929.1431020527856
666.0711241058641 214.06191173413714
193.5788848768648 845.3961647844513
463.5718351306024 660.0211178935692
468.158569142375 543.6640664456772
93.07526711508063 478.4021870922268
10
747.0340215690778 495.47725534853106
131.71102679935777 524.67907412498
201.79045456690693 767.0849692052227
892.7469362820672 755.3425601863794
159.47141514288177 116.54353071302381
175.29152052124454 401.1278650797493
841.209983231515 73.68060628465844
995.7568356334718 775.714249652125
731.353561829105 113.26125674414
951.989113586013 454.94615861665676
5
976.4093015747889 67.74262135962705
196.16318294161772 932.9415750518772
159.7983717661422 308.59158717647205
23.970694533572036 822.9957838171202
412.9175219959603 722.8140102961343
