117
776.157388648459 363.40037115336276
23.773898903000745 166.75995343654472
146.31745909932903 983.844613383857
626.444814186808 539.5941121795051
773.203902498914 564.7522279573259
627.2535715160371 479.92485548978317
480.4276880386862 596.2904314824715
13.48603700662765 462.17778681625543
136.8073602542189 544.6469669616725
751.104905548306 243.67258928132597
347.33375889146714 75.13804372413324
448.983841993295 932.596991407842
788.1252528547208 766.8017321877473
73.7024588684384 91.48272528252998
125.13066663566097 529.6170522540807
284.9559010268228 218.27192442514576
887.4101341858265 255.1916785318219
982.0020362639261 687.208046076127
343.6934670405943 705.6725295945811
245.32295666713168 318.3081341264076
780.1637320695352 592.4477188401112
8.147178559470337 93.87172485953832
341.43075362349816 22.595977733866235
867.1283466169848 277.0040448888079
919.2639351140831 736.6313116834764
338.2161756512705 581.7882569141689
744.6040879783799 882.6956844564396
629.2405982168033 670.5774365427318
676.5867582789698 405.31611663856313
790.1193228685438 256.1902813949907
338.57331083132505 111.43282306208879
481.0852427632674 11.026711150794233
146.63570089119537 899.7195614654198
253.26083179620318 746.7993456349757
540.0485882161589 353.02008577718357
581.1345244374861 379.98696783143816
354.56050246747964 518.4686556001719
335.12856006084314 34.704776448208904
623.3651001612697 181.05576968862425
262.8079511699536 237.25608044642132
657.7049472042803 809.2668383729969
283.2715028812577 881.0763884136632
96.0792644919889 978.6098862118722
102.1455089203761 632.026794715275
223.15284104898726 592.9660401442525
364.5197769210312 56.53117536630059
542.4858606261093 494.83915107434603
870.462956177792 30.820474178635315
242.02823544138985 814.3086228042062
897.7563086857929 620.4064239760967
130.6793608373834 686.2411395214023
681.6262411324241 921.8073350699877
728.5862764742272 449.61528596200816
834.3011648926056 984.1957202501962
404.89875942039555 499.0550978131342
816.3868857514343 994.920808241776
652.6788068094306 520.0182100125686
471.6125444053922 964.4734636944056
555.3715582923845 879.4387670200022
746.4953624933839 347.2364886815228
926.7847179176517 166.11549142728887
162.76608100593336 166.6707343296483
919.2868495197688 197.15401456566906
438.7148347880266 676.0420586553905
97.21937540860326 740.8154715804034
213.2004363460437 967.9921590334314
42.80341804288079 27.080465404235476
118.68963159827905 628.2450663416644
594.0891938967364 601.7618135075807
567.752934427198 43.266149122645594
873.3547081594634 400.6345302376307
904.1065254935988 910.4959439141611
847.3645154453155 978.6365818240171
46.22513054401467 43.40308203352794
412.48762382337065 767.2875720327842
599.1680654483507 222.82795321805938
894.9183184323144 261.5608395912048
442.1459676109677 821.5842167878587
330.46806502633575 9.136106035638969
736.1404145502994 650.7535468398477
568.4570760865187 938.6245812141736
105.01010213473904 156.2210140256556
850.8598118516335 431.9514431361803
538.6752990810818 993.9099315784092
206.33743141763938 776.1008348962125
153.1254806869138 403.6925421161979
72.19331885643231 77.047848927148
557.9946182764227 182.66759198705685
448.3796897374921 94.28362503869914
27.46761439652157 28.33882256502751
21.923347617087032 543.4691163146158
289.31828726526777 435.2259986601036
418.33150592190935 118.27611577363018
396.2211540811822 738.0468293769637
563.8455718893284 995.1342259452109
77.39327609757308 673.5368307909742
981.82812642867 124.53218807844458
52.97362504014291 328.8437636377672
205.2727015353557 398.6482148646534
248.23758744474523 118.98299358664988
816.5006718068191 456.0479675088589
557.8836525616574 104.96056565656731
705.1551878133399 350.65181731693616
179.1065579003498 276.8740888799159
464.11008687537156 493.0039319368641
115.54723509933073 279.3104956213783
818.5472532293868 924.0908926274107
537.1742062452021 33.2356152071952
451.15554669818493 170.9815096262274
968.1870226243226 607.006277638228
885.1517200044954 677.4519974857798
493.5433739926425 360.26718777208475
260.9709727485645 938.8781069303535
759.5874645955761 680.5745563485257
273.6905584647196 282.8461065890122
275.48875713573506 631.4131819074266
677.217017534574 667.3206500631733
115
30.746406212169287 63.55792760490464
248.20782585234824 864.4141238901402
853.7940834794624 261.6978116235683
349.0935192171594 683.2742626295463
977.4600462339964 779.4844146618888
291.8343882696425 863.327513413982
504.4029784751848 325.68301329675154
282.5815701426224 147.33465676747548
37.692180880091854 474.4272986994248
223.50574968877746 253.07980749604098
217.43561079271146 60.97711421866403
65.77511171936112 627.874177437865
372.2543206347292 916.4550049671003
567.5567223825528 680.3478129874942
371.9679259375336 244.29984839770935
559.6925758978053 68.99484820531066
684.3642190928383 893.5364744925024
595.8935873742288 425.8833504518748
424.9228546930855 622.2282233047353
912.4018685309152 862.1946730293241
570.228146474561 253.4386769492799
398.7036970595952 846.3901796558109
897.0021019652876 840.3756704723636
463.9068433639754 811.3872890911643
164.21589245611366 679.5898561913964
663.6368839418561 796.4885478085426
537.8358526697773 714.9175288460721
886.0991116962983 445.84289778311836
941.601604669499 115.79505102656485
85.73471360544305 869.1613069399403
427.1870386564097 139.50615869570882
896.9594707816863 350.95876028671756
209.3095874998313 311.5908690813963
860.0372528822983 39.313279402392375
101.65271620470939 815.6986802674636
12.85318614691855 173.2329422346769
591.5844789682279 593.6227983318806
440.16092286463925 900.5630249625582
382.8849417257048 456.308595543765
329.72796897000444 464.5889900000928
414.848299722434 191.34379632121735
514.3840681302636 511.4733559822769
735.1168116921181 30.603457110014666
431.0137616068268 453.95845365279877
954.5340077115992 931.8212435342652
385.40892457068145 637.5377181748145
400.4893115544058 108.56427935318858
817.7387321545477 77.79451790463953
361.7160319688466 114.077737043216
384.17125029935164 574.0169983341091
457.09912699696207 232.39718728744162
360.30316628739456 326.4246602881239
87.74746468864691 599.8845197033347
365.13009607968496 890.5494789678505
474.3031091200968 145.69459288926146
611.6672233660845 417.4323686947465
67.17241551235576 988.2307453298266
350.290979348285 594.6779790132142
247.77718945883265 990.8375443118048
22.3965910229833 484.4030309121319
147.7078414743507 960.4830673137976
57.597102126867085 258.53275987669235
233.8841654100493 735.1595493033643
535.3047825421716 565.8358580880271
607.2227981484093 143.705571777363
191.1335239436197 156.6412171744218
4.882249964080043 485.62220846533086
692.6440177917117 424.63294850882806
831.2817180977173 997.6147183946698
915.4329599998879 785.6771153026812
15.51925879180649 767.3244982032427
750.7639547341635 650.1359087778811
561.6914120289246 172.69744651316887
597.8287323687181 475.9446799953362
979.9781250228804 976.1506617086167
158.70975725083858 621.1153520627988
666.8110319667172 825.8989567917494
239.31553221950242 66.22850431191185
42.48141233533242 828.5113052757727
103.001207364249 695.6347403523549
736.2621915633742 467.46608760327837
307.8463894885013 728.7632139206424
217.94804479351504 653.8561113465327
919.9543651773853 432.9266651584189
952.1454131431209 791.7071466972332
585.4065085056716 946.0443790237448
251.65091317074194 995.9830251958906
751.7443481112939 572.3716176541354
626.0014094650675 73.58841438286268
573.767615979316 929.4431927535826
744.1864554859786 749.1994769236077
0.5701131739941356 954.8323314536666
298.7703204294009 144.94136135003387
870.8121058774042 41.89806011376229
890.2595959317005 293.6926889063951
778.4474174596231 588.616092148047
293.553710885738 821.1126869303754
494.75311315143597 883.6856900015567
889.5106373703111 505.52011527814057
907.721138770395 871.6222428461175
316.28223734074356 345.92352363674115
603.147528200023 676.2887400143214
734.1511899277965 601.4676567632473
843.8220763110713 690.7751607670043
60.16755758578363 221.46288999938946
821.2017800000352 652.9270243441081
657.5129131426784 969.4348105237259
361.32648391443655 739.4854283213936
79.18539915110433 628.9592306547427
105.45851486327551 632.7997117147246
838.3005834329425 729.1844170211349
985.7350124094504 364.5463397133144
59.971663895518 195.74339462612855
749.8131102012359 534.5494689547265
926.1326713942063 285.31187190571603
161
948.9535592166053 213.77303888862687
607.667919893509 454.9651896165359
544.4965163711951 30.13427194447049
43.776663560628705 266.8100562477886
828.6113268511962 291.33948510964206
451.35335385089184 645.6190910367083
832.349827846713 60.451510919347754
301.1929919804921 794.5798707649102
602.9997613095887 744.5329519697419
387.5392665137068 83.53571803396886
262.55784143837803 776.91677739328
411.23432228870826 835.6643102443307
990.7415357861466 971.4935888119387
48.09999570207712 21.91042948231281
840.9324184922384 787.4062162551455
148.48317214554075 484.2009315680603
210.90769296929457 370.06818584290954
406.83620211826457 894.2412468244011
519.820635837696 728.375686989987
779.2138755709447 26.62955547915047
131.6924943053408 780.4812000295158
866.8078663589758 310.5784483537223
958.3068115604926 972.2403900133875
536.3798978478684 393.11862053968906
79.37276136178617 528.0926745980797
412.4926036165267 615.124825009473
118.97927070583702 795.1548092850549
269.76071672070657 359.3137167760241
306.2313265440092 752.3977184023383
641.5303158451583 386.2647097341297
124.86117121921869 252.87528903883717
179.64342827067213 489.85846456990055
247.9163987192813 412.40205857792256
671.9992334279314 686.2913282843097
534.4593655724052 845.8721863403526
937.1815030676537 572.5656844981085
688.7115860762575 722.5465365985918
157.2591923672304 890.4395450772992
189.15748704409563 743.3109723658769
241.41446705496372 249.6991971523522
495.1705245113003 964.4665493907614
171.1800692399379 461.4801589842058
613.3514497533386 954.2019675486983
335.2026276500152 426.825127980033
499.9243011554484 614.3640359809442
807.1923415568012 967.4065463880127
605.6372052547382 240.6442745109526
365.3720086096737 511.601119250641
580.5465241159679 14.85311148209223
578.9770486405325 955.9557521170896
706.65836730288 784.2075155837496
62.46573826737733 291.7525121329366
489.3592627965072 709.4661516298577
594.5733849313506 114.96224323722915
722.7922969891011 815.1499281563124
484.96737949141533 889.5765335261284
346.51860191306304 314.04978547703655
974.7084793812115 797.755493886389
473.5105097313677 228.90336124956423
810.9939556866997 300.85068708427167
523.8666066919651 182.07257633067442
397.4321053134674 126.42470753962188
350.66784117120994 276.8209224614724
852.6485124884205 209.34630117721164
224.45551229343653 609.8946553840201
707.7547604027415 678.6703412653109
427.1873986969221 144.71129222591605
33.11539419706877 224.4948404643441
373.9044039695314 877.8392232037326
917.1764313712346 294.12171936762263
42.9131157443583 241.4968971578293
807.3116502318192 339.69479162129045
637.7542949528395 659.0579819134274
695.3388110372082 811.1862080548618
453.9918751452295 178.32035827701188
863.1909857748784 351.1194717315347
36.732388293051365 875.0218270028834
919.8695059473522 740.4128062352819
556.6185094717501 411.5656833209809
930.2969801625296 763.6009048559869
601.9157265575392 520.1017233732301
991.1603673482042 951.1199014188513
933.3870091869214 353.53892098804
636.7789559526158 81.83731853490129
639.0780951281218 352.65642527384443
359.94542820015573 647.4033579663634
673.99998555871 78.6327934943909
34.780207577085996 49.0769046176116
489.4315292133602 469.3149345741391
49.6471437928383 79.94026399438914
692.6381544102869 165.59681582764995
121.00140782362578 489.9358392752445
942.5336841656631 347.76372294974357
56.618143600107416 812.9439037911732
440.47453116465493 714.6783575103287
272.6357450885638 161.51710382637185
758.9435223578625 275.6040099568187
21.11549300924842 135.91361630450237
591.4986469458796 924.9221320307585
654.9277104412546 933.0226673768922
649.226358469406 729.0589301523387
236.60342427866976 632.4326462994305
433.37142183614174 724.8693212112424
243.15842832898738 732.5179900289542
310.206217889462 822.058515558829
843.1664787256697 0.5711741718880115
739.094641850913 247.4839327223035
181.7111734154929 440.5328956544241
537.4501214503504 66.41357343727094
10.356692318511772 992.1541931362184
226.03252531280094 60.10271842518578
401.8155610384081 892.4063940974723
925.429982024011 909.6910768262413
797.3192382740366 988.5533624398225
438.470721849069 393.39040274848634
809.4813224421042 981.6142580916749
105.73937879427231 45.84746271296469
348.5910725844771 163.84349898025107
876.771665732572 193.19445074903564
35.844802918092114 3.7380521598397998
698.9950186920947 310.2026428452371
269.67684918964807 33.898916535977875
114.52613726291061 361.29352404057613
638.8271970394874 912.5122364248612
845.9528399741855 656.9499666352249
504.1157198123176 639.7981089703995
74.12179132483566 437.07660988587526
820.7935620963715 104.3080576666987
11.055675410253318 653.780006196896
898.6532881297544 747.1902543182566
658.0799891483939 30.791527720028466
842.0507152351615 371.4188001568628
919.9123505065029 594.1057195397303
93.34181390741914 381.8498722067273
195.99261483715048 44.8959297508057
366.1630332089173 275.21328274055736
866.1374095168138 157.57500324102335
641.7428810785574 670.1969792470828
142.47265760127593 497.3352169739319
761.5877018336 888.3754637673154
257.59993937031965 877.1526103425889
325.776260242714 749.6510841632532
175.87376802352895 616.0921587694547
278.2153968191691 858.5607476546145
605.933905713812 935.2235962735199
325.61620366010715 460.3934838495014
733.4639597818551 533.6095777782891
131.3925692966068 32.67242413224369
208.60851754419207 407.259462885545
787.596602391114 431.48632100951625
838.1074037661016 444.12951367239737
198.81972159578999 250.19529204225864
645.6742511525863 533.2942999764198
875.1382952626623 470.5421337347566
889.1757566858333 855.4391899395677
697.9767479241776 443.14000918233444
119.27209683347073 500.79091990972256
622.9576142614068 364.8666437267769
892.5259475198097 954.9476077319233
103.46681351748532 472.31877626830453
433.125186186157 849.8626137823612
127
385.22472880368844 953.3837795782023
398.8476928495497 659.0512316686643
448.5536311384469 708.7362866139136
167.13776167831207 309.68757656365034
144.71496870834378 58.25083622841076
631.4250840089817 571.8160971468897
42.89798918603394 446.2302133975334
373.70687897431145 766.8862645336555
744.4725291651314 590.6480303699973
650.0179834615126 72.80917846653846
277.4742947889206 354.9045708553554
735.8641263299965 773.5208533641991
459.28797648108866 273.35305104896
770.3139028119007 16.935598986256185
334.48758154455817 36.17915022798712
412.5056802764421 594.7443465310502
450.6681671442039 680.5445977634602
432.6507478140288 639.4297772012644
94.39037300373354 644.7349313428377
454.2747709549053 129.40193032841242
497.36090878925467 96.8970953585474
368.687673338469 744.0392247950135
335.4697205652284 592.7052962490152
386.67723916847586 260.5235046927689
381.8807205635163 362.0597073532673
778.4592314357292 396.3238584583701
564.9762450579188 143.4464584435301
470.9935380710579 529.1158126653687
474.48162392286173 833.8811982609581
26.283899929608666 389.2402460771013
592.0283083769192 811.4973792479859
447.70410737653265 231.985164621199
188.72327960246915 256.3355279398387
77.53717248156767 876.357083095183
235.10403572912077 181.90630420270625
604.8350790114015 586.9971108014787
797.334380712782 377.71118288263693
508.71398178338126 746.7379147636756
597.7981323338436 239.8836070051057
703.111248777958 478.0345371317407
558.081630081116 520.9561819452006
993.3264564375012 676.4758253584598
568.5647742395914 224.2580365502539
744.6186659006235 294.067340066417
729.5825216285493 917.8225709745171
520.4224253223128 384.05438119831615
413.3150153909367 821.5497952242586
484.22287769948025 501.16829276688554
850.5305299192478 174.83411484332524
399.10153891276536 548.366688147545
418.0699524785679 860.6429009305241
422.1161336386234 503.8824819555142
320.0265328487263 765.2807496209311
887.5151082443842 517.7919493400195
172.60164914507504 183.41972666303008
269.3068983687533 502.23502575826984
251.56005877097698 351.0925665370962
126.82511782425642 182.90891765742577
755.0805805784286 727.7436474288552
466.7441232671694 527.578892300488
942.9504778307108 872.8144551379042
998.3032486385906 4.542290673146265
745.8082915858877 723.7205575431448
618.0912190705253 574.7770002541185
302.27232451169374 758.4830479281783
878.546775820447 998.342238236817
515.451948965932 623.0700610902766
689.1645063029378 388.038868906646
580.6797321923749 669.6666447312249
276.74167134237916 70.62309146424639
406.33081024039717 757.6594407159005
840.2408019885215 236.92316674008796
867.0936104080067 736.4940557707854
697.8707287087232 920.84339076389
650.2783380407695 395.34539667257695
841.0874824276945 418.28462753177007
664.5553414590452 372.30866673965625
141.68398436847264 227.3176434452552
305.80865647110267 984.8912212946432
479.9411661743731 780.1647335625794
790.3365101078348 553.6602704359416
154.3084673527365 784.3135800626542
287.8818599180043 706.3901155392233
801.6248444898096 207.58988954424683
681.8733844492464 404.7798997149612
240.31073239541533 269.68495280508864
823.4216151085525 229.3307463806633
378.4235115723319 520.8371690335682
923.5379999979608 146.0218511209327
815.908540218276 480.84521078298735
657.5018311498762 403.7899106678443
782.2748689365668 583.5124625705282
587.3540283636731 424.0694709600745
252.86605908261117 683.211051117906
107.38390017021204 434.5610633771442
582.0666727417623 942.0918209188595
820.7598381641544 511.8330094486738
598.0963390028688 146.70479667321968
584.2642758303201 309.3597270460496
184.20690677848629 607.3169484746298
255.0272297495032 627.6986242878017
739.1662293230203 959.4539621503211
366.58266578867983 163.35083594285615
646.8304391411488 336.14550440435664
361.1615817321729 702.8039057526923
90.52373314103434 350.3299862267282
297.6204241215268 951.6829791051744
727.4584776004509 75.06561905437081
138.67989920376544 488.8605285125801
105.77866559625792 499.8490185508269
285.95545042825654 448.9978780516906
545.4345739726023 196.98342428869276
192.64637968993492 802.8243858266758
118.01587552110115 394.18138092049395
81.48972536611687 583.4856899361896
429.23283019096004 355.28574936531857
955.5986389694422 472.0415627433372
134.10348271669537 352.83853206416705
896.4506330940778 685.8126832472411
8.228209802794595 591.2693966247413
972.6837645897322 965.1142714400896
57.90065137925981 570.627962654373
645.86493621552 890.8112947032705
920.2052390133936 539.9916888073419
38.17605715594685 289.5199302035684
205.89283487024935 328.16937558901236
179.52132618446925 481.4163032901596
195
186.18241930718472 547.0059501714472
26.43543302002682 594.3224736637537
957.6147147797109 474.3372795684991
730.0370053779212 709.1900785149511
755.1715012501722 58.33159352306494
648.9968927080091 519.3552417769886
855.4130900446548 105.26032066073742
933.5027801830546 647.7618919080808
180.62558797519347 368.00284118579066
454.1033950870318 7.36613935607755
20.32468973093593 572.30141030967
722.0822560241207 182.95484928575678
745.3415560271397 595.1736701596623
274.18284489798316 191.41650280116474
986.4118992408187 183.54155514671055
766.0250057869125 973.2208351694843
730.9098774948137 242.56504796783184
195.01008900773087 627.0569162010148
305.3016425030055 351.37375386358485
917.9390526131481 542.9390690904227
913.35905224469 340.5792793346088
58.32232611500254 154.01433449328428
13.529193214330991 400.48907580078776
956.4749950123827 887.9766489844111
337.8161352992998 14.662635740609552
889.638504671903 51.789814754445885
607.3608778962887 543.1199587130794
370.60353025660766 869.888354179249
125.1198405272963 399.59307648947964
308.075268683611 273.0005277488263
860.5728564624729 263.12220547532274
187.93146466774812 264.4163956389238
631.6896503350199 437.8022783938624
482.62201019194515 706.7339787857943
709.801059238765 917.5719216969244
36.62065454953134 249.53018050767815
705.4250255905483 612.1508100537435
407.83373998134545 667.904687739441
816.777532782136 691.5801045189302
32.53660765049871 578.8708682802643
902.1674695660129 473.1013165443566
449.4211913846643 766.4341237149567
776.8722915950997 641.576954810854
672.5584750832344 570.5082521276622
601.9506080562829 397.824569320254
276.2482385480575 854.5697145931013
59.21654282903444 647.2390690441196
574.4305776849608 788.8996026063345
645.9066538440125 115.46829931052538
940.3037870546344 706.9155930161352
63.226657465205946 316.16305823665016
591.1930796783025 80.23399517245966
639.8454427380192 887.127355690262
662.629190224556 223.0623628051559
946.0015230162201 247.2567143890102
333.6201425693849 163.19430081220543
837.7297304694972 992.4185777263241
588.6784146745212 136.24882877691834
297.4183086971004 239.23340440798947
17.450993815498528 620.7834471543091
71.46674933470054 577.1258536693379
436.67749008517643 342.32404140564563
183.34881702589777 95.35447272639064
760.3758215014607 885.2241840042099
335.6998989954715 236.73004971088463
168.1955347690993 917.9495537267638
682.6274731567838 453.7264510287211
585.7462847990374 117.04933795018701
509.1753968914501 838.8738579650725
499.7136184104239 233.8094639704803
352.362797349248 31.10087440361586
878.0107374634507 721.8809330071491
583.9805645847225 296.8534713676656
145.7639718072532 897.545441373022
700.2939171140721 320.8059514808104
332.2062652249189 888.0265803576978
400.629463518312 809.8892907407826
706.0265903227396 835.9532026703594
188.06530508745277 443.61182294147096
168.98747918826916 622.9503888160756
716.091053302131 656.1940567603025
991.3265131811783 420.6606267294005
609.9540449886674 24.58641527466343
99.31792604073576 38.494623652276076
826.8964581105096 940.493970429549
167.57630273384981 837.8953040238397
935.7146468222993 506.90364624386496
703.4105899515001 597.0249294238041
698.4225610982678 553.6121263486648
900.1670900466904 174.31105863404696
520.2066041091451 489.0664989806184
945.03188582726 504.73683131102433
346.2501704375068 688.9343467509689
24.69179540017652 741.4467283953308
185.57125144544807 252.06954198043363
78.39651589497088 428.2074961410369
694.9642052342492 805.3190858097792
175.22217228635895 906.9670467898608
207.1595383957009 38.64687903215813
502.11524183670406 245.25845527922462
227.0656681853507 218.1344156049516
501.3371531515027 938.2674977067518
36.09988035631228 640.0011083708248
837.9949788956596 850.5565271691497
888.917691786485 371.42007959256154
491.91518100030083 223.3468807995973
481.42095887604376 190.54257313237244
751.2611810535427 360.77782190139396
0.7194349502012143 654.2007273358977
25.899026126244728 382.9635656497381
686.2544417708255 752.3900493972724
250.11933206809957 255.76130631966032
715.8242929648147 875.3446361945992
253.74693224524393 601.9708666798099
104.43496218346426 547.6580661404356
68.23444393863687 616.1661727849764
818.0208171087418 306.1561491149979
46.8185307165474 620.0540345400507
844.9417355542726 920.6750176569021
836.1542290476951 984.9615041380939
759.9626261710421 419.99765967769196
895.6891802423017 270.29993796084574
992.4515990146235 220.87923423958688
678.581239391497 928.7527203514483
507.665609014512 362.7459007592264
250.25830784274206 918.4446834780503
854.3247455344003 223.3950586512813
29.789978511422397 49.58616089378165
575.6029787961315 66.83583072072553
22.39390394779539 729.0034866634081
598.131001525154 912.8380189265454
162.12724063442298 148.36927710858404
294.203194034632 148.53001233831853
827.1718148059311 935.5406630543131
991.0454434436255 413.2462046549269
393.27818587022335 356.44459195146294
653.0515544186552 8.28743762002504
767.1425843413327 338.4020723618447
603.3670202236581 164.76881153527023
107.50719429438394 302.3070897081843
626.7426351180802 431.7912123280835
404.9079106595105 476.98964668575815
298.9149418405863 320.34222407306225
873.2675466992839 527.4449940815498
452.3279981822593 689.0579155525267
953.8445320958319 621.8315174897821
223.30926684575326 383.92869459987975
302.7497555758774 863.5367746635877
438.88901178676434 60.906609361349396
111.96886514590243 669.0502585676563
550.3489247790005 925.1625673440328
630.196799063531 92.26673899740202
112.86854250481349 48.45593592002573
191.8606829157934 238.78423342984811
207.26471484697007 693.8875960488643
674.1688064342708 446.9826963363793
257.4224300119098 885.3816771103993
242.76469745489848 892.733637604342
660.8537733481573 238.04736301519026
684.243536700787 595.5275811813904
792.2506455474494 112.46853027997928
926.9557733327098 857.6150335905045
261.3596227230567 622.40208409145
312.5385286002278 232.65587861765835
302.0173963720546 625.9169624602722
980.1191790226518 798.9230917951805
923.9475422622027 690.4411630229085
480.5740703334025 38.34081041518478
447.6206663756238 405.39251766942107
158.9373481165428 634.1416622139077
432.6396912347169 366.06369714249064
169.22813872920406 252.75342652621325
346.1760282948311 940.2999789967881
558.7476672043405 614.2420165041664
834.4297618235123 713.2787880515662
894.1699348409376 201.04502759513898
489.08821046939266 857.6863640928102
125.94955010574816 681.7868342308727
119.76339165920558 197.63616127973404
506.84290803674037 97.67136293264589
137.67677151031376 588.1724291776329
310.4201535929376 204.2870305511786
733.2824786484686 983.919070335764
956.101804517587 973.9669312458981
273.99769074731984 247.9350623983001
203.99365210538556 596.4170676103997
272.46588503262535 593.8202194517958
343.33897675462066 477.34485813672
721.672476416099 836.9865965754813
70.82924374719634 334.2412310170747
985.1583969145023 954.060608048276
339.85735945228146 257.7430147287931
502.56238929529684 703.6728858095391
443.9104677557765 354.5257031356398
883.4991308630252 908.6972972786563
169
623.1057909839925 998.0989201770378
84.21728515575577 511.5122825783369
233.09235744885638 31.863310612630478
836.9763117316081 259.43999420492236
426.8463701058305 372.4221715578054
741.0880188246618 227.49114120246506
471.4362949650598 438.71988832074425
22.59769739762141 579.3465937776858
563.1832675928069 117.30750380757671
810.8724320560796 456.86566712176744
111.14086789257516 957.4570112238542
355.1761234649545 435.0584238534739
178.41856134683297 74.59858173263112
493.12954286883047 387.84738213772283
771.7735480706286 359.99293250502893
172.07524870086777 193.8054262983726
954.3727784472 422.21194807756865
466.11550895605626 676.5249213706869
203.58035963755538 729.5680258115888
604.2472947796658 732.3838698872221
903.8133976858651 950.5740509603239
421.5981501077365 665.4024982838475
20.002133018396485 824.6889895786546
124.99740725374986 332.8075030394676
674.7085469535714 234.33218300633973
993.8016971619444 763.7530746556412
104.54372450847471 973.5155923072828
284.0028429805317 24.013488268163297
748.4298053699225 387.7851448396167
389.0240357631095 368.2977592148807
392.542269558894 164.02221988853626
660.703881367118 423.4034552497772
436.61059921376324 885.8105419529295
935.8045438250022 740.9087368438766
319.6649955913855 123.43053495723255
525.1486762076939 841.623120280895
162.28539914820362 584.1178084061278
615.2035986764345 955.1015914978229
48.020517871592006 309.97369464904176
13.6110006677721 804.1419282474471
855.4386736608318 775.1602788585395
312.7559779273806 64.98584007651299
756.5332007511327 31.84841124880733
215.9943707972868 298.1943985797082
398.1659239461739 1.0496096901045915
698.3526648105009 293.9420415370103
362.91103720718155 210.99375521147755
35.733990507709535 565.4095628547016
54.89685005190681 652.8890851493613
283.9435824470089 648.5876728453567
883.6724813066787 468.212370141157
92.17291527098782 588.1705256146786
367.7431280124559 95.25478851707037
889.7039578891463 209.68384262525953
722.8121689668185 416.4844665681022
562.4331015723978 929.4670353021023
917.4453732327994 257.06041052626347
96.79901285556936 989.4216302976176
278.8501482873732 382.44585211850426
354.4614213981999 882.2835363279099
20.33349774093962 455.5721920917981
790.343208619743 151.32700940416345
373.25792616446864 492.2213878364591
185.2254904538454 307.768227243853
875.038363252174 313.62360420009395
195.88951867558092 99.64146318306832
335.9631720685241 253.2818694674387
176.1109541972843 459.77082315708327
478.67791933702955 249.94946418171992
178.12011000839135 888.74496658407
797.6073743601613 265.1073475492851
61.47039640274976 163.5299517670028
598.1452991068765 921.7656619857875
223.63262835261898 646.5835248648641
377.2106153102772 135.38773876819198
754.4632169691369 754.1644071863088
672.2660364316072 746.6729747541651
972.617628068145 968.9647302501318
507.3186117545817 587.193316636966
536.8166694839676 487.053588023201
430.96654922012124 864.9073125477686
592.344961992902 541.3152473544834
575.1311778514491 593.8023270257788
913.5468171234696 306.59893437328435
842.8943357088283 427.31152998795176
291.45739791931766 288.6281876690019
71.41404025388232 918.7660332995537
108.25964469282079 743.6360549472305
943.1831534353715 505.203527505127
887.3951070589113 810.7661753823778
411.369959180138 287.6155106922832
844.9850538844336 404.5119367502609
199.19531917471633 346.2827192585226
811.6223845866177 940.8063375187324
326.4721953962982 483.73868058878236
506.15896450559825 697.3163078560696
247.2572003223783 783.7834479132805
554.4435022136832 789.7497775725078
940.2705002926193 298.26519616679315
218.0583274587662 238.6766472957659
187.3787576555065 694.1261882702303
220.36375653228168 598.5337814043904
595.310548212275 698.1389059933739
522.4119735611589 198.8543750107399
768.6572110052592 383.7813729378494
500.12774883692714 53.37732759447877
85.56630406010413 572.4090372050287
39.657221806492224 203.9720917746186
565.6150869335918 57.75823492942256
714.0668619474546 310.15499597259065
884.5852182951634 519.6813582995466
672.6822997302746 64.89883899475701
124.52167766505839 145.51461292029123
812.2116842232141 205.39314107858874
123.9230265043878 190.82547917105865
791.445993114069 150.75766611250285
690.6051061036835 816.5564753396256
472.1674318969359 658.6692021550383
820.3256892228534 158.654120769933
344.8118693732012 667.6975999532785
69.82851623206044 983.1358030194766
767.9800042994231 700.7360883479281
788.1625436087832 860.5863471260237
315.6702461993515 528.4235380265732
996.0561233995654 202.14436427446125
512.0704519122147 489.86355740744557
794.8966677518677 574.4270890905436
474.64848417047745 707.1268370535528
756.1411238868947 443.5583300211021
87.55766358146832 478.2212423558739
200.71430006207635 529.6135826235557
132.64229854075248 170.7205967909633
480.968063843949 636.1957540998704
383.4033485102645 223.0385303905885
620.7540615157385 658.7610916574633
223.637911720293 484.34644144324324
761.1930681749602 947.0676981304501
310.51190230458 944.8995914785627
889.4362610206853 835.2982576521403
341.2671696893671 579.6221060146086
82.68983334986157 383.01961126480745
942.4675016863154 112.99602026650612
114.8547220631344 275.5020594101155
807.6910937078999 310.2261990169379
35.75371881349798 857.0998169386818
785.7812372874175 308.3642872111874
388.2793056494048 308.73396988034176
784.7441571205459 340.40279026487053
145.83219489239428 498.2321059498401
922.971957675724 215.72130013523793
493.1912422993274 92.01852723471016
217.49749779232098 884.9805337952995
77.91817892742759 921.6346135595312
444.34191073236417 379.68343788848426
558.4520924226703 818.1046942769686
442.5990510783048 296.34312976351185
338.0911236144706 586.5072174283016
762.6039525484366 778.509250043597
293.3842754652917 43.36238336658771
489.9029785565863 75.92674083787743
909.3918284312992 268.65054185581704
37.98688226322567 943.751019840001
849.2171239471409 876.405404739073
684.388915136075 311.62863625684565
585.6825694269864 928.1591908834866
582.8008703702619 413.2717069686104
611.315221963715 905.0791603343085
410.2157383506585 807.5551751437515
234.27760763055127 392.59582756005005
104
733.9756326420808 406.666552283193
784.182882434108 181.2767572796532
685.9575868026936 979.6481282066713
701.6513240942647 239.9619076657845
401.88756524002855 437.1449804138836
530.7714224383392 66.24466894392711
573.9980780220963 511.85263313502236
323.96181231742395 100.47396211386372
653.1716491562739 459.12629716270084
68.30880005076645 643.5199506224691
20.392961356561656 553.6317110971053
290.8633695814061 652.1206896239377
533.7056873902143 276.23302311294896
149.7407755953656 22.518088724872488
850.1890408911905 582.1811008438109
834.1019294055284 241.40302105012213
969.481950066258 345.59601072046667
490.21100629402923 109.5651461000583
225.363921026715 650.2451523239718
159.88517169152328 914.6045408157964
79.64893911768567 553.2324525738296
465.6049557505462 255.3634249497243
312.7678780864753 280.48341368484455
376.1259020129594 69.87637104199673
299.28348365404054 919.3289081106242
634.4420356143856 382.4582639880326
963.1282110295757 334.3007791057584
710.434522046316 62.96140111778548
595.3821343688375 318.48081383503245
812.9521787062961 18.821382118329065
700.6904283787466 273.9884554972799
5.0034188042319405 676.3663931698829
577.6401567345929 365.00648984697136
356.58209693931684 541.6697318300229
921.012774175933 760.085265707264
640.2743594866921 390.3225022315568
813.1971317491515 541.1835023885203
321.6975954971666 552.8660137801297
12.06892733162801 924.4975798066291
126.40473760825476 901.9527555877611
826.0621559171638 890.6852493985274
866.1874070446056 385.6583855229615
450.4299889547323 137.8783570415667
578.1439550289722 932.7165700546423
932.1329229001929 284.0176301627053
397.3751922043549 857.3445689644808
748.2346038487109 30.84948685623534
335.5999911329991 803.6615768355857
393.33837932113914 856.838850299379
222.31872822088727 633.4663373787473
743.0376427650292 242.04269291734448
551.3040696727643 120.4300758838256
534.7723845505391 780.3711590658863
962.1984169532577 52.48051624981975
124.78493983615124 964.2682794605608
523.072810638484 550.767924306408
491.2425132889051 950.6812811149382
272.69014583921825 691.1829524471445
128.27638879564074 986.961425411683
462.6795120899594 937.8022672391309
911.9691512098392 374.338319502733
524.4276067135188 684.0941088536266
95.2250957845857 488.4048478017993
131.72857570057428 709.0062687055313
695.8521579669837 929.7212622203724
633.4815749712537 361.6384833840423
9.54242264155225 941.1472504720012
420.73255272066933 603.673439461092
266.00693701107116 558.7849409276548
842.3992562022554 568.7463306245692
107.79910492255141 892.2104884009135
575.2773709429557 427.8514570155596
827.5029448930229 209.14046097070494
242.73743041443075 255.7701486868442
481.55048924380515 284.3020911648493
465.08745388729386 256.5654893539584
98.48419618534932 688.1709902531626
765.0015651105944 459.7538900459105
177.08333451921777 562.671539667616
414.9846886422941 315.43280251726725
975.0519919062334 295.8675328585124
998.408826924751 979.9362295618564
587.2244481321209 568.0417014800762
941.4316137661826 402.38192504084094
52.51517670683559 977.5910830638769
825.5536320334697 546.135007207163
524.1243578056456 559.7735093366907
495.0193278993316 814.7982195960826
859.5028735840851 164.7545044195524
385.0658445050167 215.2296543449719
12.206281057885015 54.40779483365343
439.1814675958744 546.0075998849852
14.172354591011072 812.4960308105283
606.8239085282712 515.0959254536315
83.42412724860992 913.3555743029314
116.3100231759383 912.6722371508098
312.69989011024956 640.087504743531
908.9421472301873 118.76754087005348
179.56452102657738 988.3678425884107
891.8076502082138 217.4878454681721
905.1964833237771 117.53935661823245
257.4570388940515 311.66216432324813
881.3911165420772 552.1823542796764
637.4119707145643 784.6853634299824
150
657.6603460510584 117.68646492804558
944.4396134856195 689.6200263901939
123.32549669014803 262.0907255527066
456.27770796537624 714.8201135862489
100.09430623206583 800.6460149903965
139.81686903316526 192.34885813892956
469.0535733083252 415.4408837818474
278.89610292591004 108.3833403504384
615.7009086565009 529.2463012583968
424.93951684564666 992.0023618710363
751.3508191362477 561.0980937208572
200.398008453353 774.143095118629
671.5896811092333 555.4412082417768
479.6359189321724 636.2938874573297
251.15471180636195 979.4574412921529
921.6547490395357 4.3290306975687365
9.518550722346198 379.4125238156717
808.0062009745607 974.4281604601523
170.88159447244345 623.321291250407
553.3076862386631 541.3609663389572
375.1149021782811 425.51368022320526
935.0989813574142 749.8248554294311
228.11257559679288 805.4454850401006
494.680725140389 646.1002322511889
541.5119848476672 715.8695483202629
616.2951989670896 411.56459101152944
716.2805608216229 441.7873657702034
589.6668478269174 699.4222950583124
183.6888797995272 966.5017162650915
342.67908029410665 50.83704630059616
759.7345667974168 238.018452366062
876.6991031269582 391.89613445007177
607.6670563210563 477.52229918497
180.75203605046687 314.28505761345536
189.53427357167175 660.9686637126636
526.5861827267593 257.96212728819825
877.5190622492054 671.071845289072
800.58470272788 145.6089395372321
612.4391410248764 964.6129787133584
967.6800100515791 941.8482717100525
856.0266656237555 765.1139450946808
709.9192722960393 286.17475596195277
638.094998377822 329.3480145680572
182.17885265360235 792.6199134549588
423.88930306353143 159.72830888694622
517.5951796696511 671.3146061220837
284.6253941447934 445.6510382742982
407.7132004313787 401.06109570856063
38.62736792095423 311.9108907415539
573.1706173860414 228.37836084201612
126.38447410902498 813.588298502552
765.1793397526628 2.1585141541962116
468.86156918596214 692.6204434731418
46.50266816906845 948.5965377185627
933.4569947978462 657.4011868621134
78.88903488494825 254.92251807906575
729.8945991913432 163.20224817702555
814.9503023793859 980.8585886864425
816.0744093799526 783.4659498410292
17.498283988907183 461.38192999697935
239.80700951058964 118.52615322715087
243.51227558974853 717.892953946104
113.44349638035001 932.6932731932236
705.6862347824289 950.1900661641366
321.4501244115302 350.4110339163664
333.3703268518652 229.86135625521186
737.187125831749 112.1055872053337
641.8536517887111 857.8351335779375
835.3466642293589 8.170572863462123
487.6882198007282 723.4393525236208
625.7000295224362 178.92152782025173
289.95997233313375 450.89460125457094
804.2086962558756 566.5397450957477
681.2695671775026 912.873349306626
133.49516290008944 951.7752118339715
37.074247950718345 124.82417526675505
713.5275193050218 465.19908578472956
640.4566567293092 309.1184658328969
270.46522613791115 206.54160550873846
365.69276766228154 754.0853477709662
920.5706084795154 342.35696154244744
517.74121030605 277.07679643309643
542.6230517741319 624.6253863717293
836.983369348852 779.276142468018
495.78082645321376 825.0026617132356
36.65625595195176 734.0017190638426
827.9876553031634 141.8752093912764
142.40619446030112 496.8017791306214
181.04432067069453 417.41953533577293
309.65551237933244 563.7461207842521
395.94352400773323 125.17441374737659
991.2551460257604 114.80757714336643
120.72400613710211 833.511247690008
720.6746828629401 413.34885972484824
275.86864709253047 497.4278537638119
768.1383323410466 193.57869856983402
323.5866691169147 662.4963076054642
615.3208798604398 62.10592312540519
548.5115967493065 910.2169017302442
971.5732896551364 296.16383141603484
993.896373474383 935.1600160629141
38.919050591920026 29.496636204551564
879.9300914754416 853.2201083830721
406.5986104328835 374.1658261322783
872.0566654356612 749.0007095617195
420.7855968602816 241.02996128016764
822.9554826623538 372.7643139444926
816.1380694226897 88.5921552079425
199.58366462606193 372.30599967346814
707.2129448484942 703.7509403289466
177.04786613920808 205.30950090013388
731.1024155860523 881.1364767079696
396.611065220286 59.52395381667552
321.751778622693 277.62170897929593
177.4347832592733 800.7925791951459
373.59088902528924 791.1318915670364
404.98857580408696 358.9479475866204
999.0218533753408 206.91025142517373
206.57511218660719 126.66657851649133
361.12764775995066 168.4734691315458
509.58000335495655 802.9092599998821
705.15296827255 396.7760254846073
556.1907001243225 747.5595625933247
894.9705822535165 310.4272780664009
394.920772740029 55.70498055398821
185.6534548055909 844.7687767980486
375.6953972582834 889.0804470920896
897.5988557940265 972.362073095855
958.0085641206566 69.2621520680804
752.3140060911215 820.9878785992566
212.31785858194806 187.58185475755462
50.6241678305055 542.0909169661192
579.2360145714299 644.8244069929438
44.38823252654001 218.9640586517704
499.1066559684807 866.6320303055593
368.9366658814935 135.35661407344068
798.7880380219732 585.2543832143597
667.8516279991384 831.6747970598645
342.509049191175 351.9562816103069
190.09930847101353 142.7507114773563
588.6930575384773 438.2654804156646
324.60401616692934 895.2562898616022
190.73914851634345 585.0988723825428
648.2603673167929 40.648972907470714
85.57495680648364 41.71153600282096
804.8919283517861 460.5589908900629
74.07605264414197 998.0878016110064
123.27028711119593 434.87848489840417
756.1052566733422 866.4476660010288
965.7403835062082 213.40063688437795
180
586.7476925534148 615.0438050713512
255.96046814807826 347.15182410382704
769.8835577039754 116.45065141062506
412.2892278554955 398.17217969441555
740.6743622432624 105.8025216098788
932.3852727866603 50.928397000359006
30.024512705274176 449.7685903116697
501.2871786659671 405.71909558471907
646.8744043829521 521.3878390233577
45.81597646714308 70.6381336087627
621.0904058710654 277.0561417290799
409.04537516846295 708.7362473718362
135.78724306139657 974.5094932276706
516.4670783007487 158.71817697348277
255.07290177601948 249.03428567415875
543.7181367023097 872.561337591424
962.4416715073097 421.7112086865092
851.8213272026841 793.7873190287837
682.5408624900747 985.6786773107967
661.4466620753369 999.1848992892014
435.5107047621374 231.80663325519936
827.4222983584223 893.5823744384218
761.5262699883427 28.88167935269714
967.5261476265467 314.2906461687992
671.6343545159574 933.1732929423205
915.4685305537929 738.665794853598
63.81799200245397 394.9714594047157
410.63624324158764 261.4997201994559
141.36416763239424 234.89968542189365
115.66811717630698 695.9686189300755
950.2167145255595 991.6512732065094
510.14885345373204 635.1609484867585
932.5793273350479 224.05554085438928
179.01418401937585 603.4591646901386
458.552749521576 476.38676156072455
349.43312903035286 378.1576751694479
417.0361229463326 183.22851343293968
285.3143463812003 105.17503149454465
968.0847245215191 693.2104332870641
261.1013067832937 763.9893604096127
929.7625353937335 884.732491431011
309.8617320583534 146.0515373703356
967.447814477893 134.45628754478932
732.5965622687233 387.37021555933273
602.5005321078394 890.705276205676
654.1552663974692 86.54227191106368
915.5878323333717 483.64309874141776
53.68135149558795 948.6381217391064
960.9861175870133 920.9882701928631
876.4338942042473 256.083793661112
981.2704780777199 155.86923444227784
98.41749967477243 826.530790434309
614.2900793033243 681.8119373500459
785.5019420777661 173.6776023816068
19.607670748132744 169.79038226948117
453.2288921811565 876.3307365226296
113.56008640437709 645.2489413689426
23.318610586674062 869.3770571120398
638.2944729166942 707.1469017428661
375.23757816728755 554.846921653934
299.29992308322386 173.35082990167672
908.2559743026065 27.46624054467084
300.99431289476365 135.71830059115808
583.3310573804787 914.954132884193
323.2902677365137 162.3095897192972
218.1576385647237 704.1113406969242
233.5756915789947 71.52339575009903
75.94453492376219 324.6600076604933
670.0445608784142 936.0938295412958
360.0021220799323 980.5820325626223
170.53793394118034 274.34835817045547
981.7695976093801 886.0166119693135
826.468308410059 369.4505233457415
284.28139345120553 592.1438619628658
789.998027539849 126.20900294697267
910.11941870503 276.0753497053782
560.2196780274841 960.6715547745705
276.15010186310064 923.6165855747151
949.5621765186793 690.905314893108
194.25626495145343 490.0449388602861
649.3877230916627 630.4740722495337
703.7786304554434 702.7763240895482
144.98493769727384 565.7157593729077
304.27641005624764 897.8825571484402
285.05642002308093 959.8038628405699
506.808456804983 865.3418280745799
272.0375673481585 710.5157182946568
157.40056759166265 784.7370866104135
911.098916334208 356.6468051824107
411.5145572732711 222.64953119979435
449.1393812955247 836.1719608034966
565.3461079913436 526.3237556251481
839.4240896232818 54.65325918195496
345.74292010291475 801.3759705336626
341.8951585808819 160.3749266809541
611.7859151440928 421.3208362055466
358.6268206281127 39.43844632593307
570.5163227150382 273.89539063840283
410.6868345137371 442.92165663429506
159.4253970633217 961.003100713947
40.77141422539765 15.94225787240977
911.6108531026549 769.7697089760837
516.531974846515 124.09778165701002
329.11617947194105 453.20541464725915
973.7883553174563 913.5739876065409
207.9597388431814 486.4561316006918
198.5071332639019 468.0951509280553
93.14033861049764 176.21053501276896
101.6865885872642 779.5509630173705
569.4426143264388 558.267297310684
452.52512242716534 558.5906052848735
236.8147175004006 349.5823909844844
41.36326935605472 999.1663350289576
192.93752987763668 681.0894976897152
802.5353008545396 744.0806297727486
982.6621194014693 617.544955545348
389.0765541007473 528.5447735548082
112.83976492730929 153.64889030181772
760.1911878715678 70.36846048949519
791.2098831338836 277.1259104981072
424.4321852735283 522.6517099925619
487.27795377674 725.7096296443524
724.1297350727916 833.1337381748585
264.0900202021534 968.8419989476583
537.4275602807746 297.7703980855282
658.3574555651948 305.32454884125957
224.1269945227543 468.73433256312194
461.73303263441534 896.8895541880729
544.1564757781763 380.0148849457485
821.8939318401076 515.0176318521192
338.16433361384077 943.2526295746051
795.3071391999915 93.74024512717793
999.7206267959865 102.80666265087312
971.8502818881875 541.5354101246744
749.2593048905416 935.6582651154253
160.26990337345083 968.6832953000528
783.0798894266503 14.371362580311576
924.7592166798725 523.4593834639737
76.74328424316623 638.2433726323153
786.9939295324639 571.4581084698164
535.0438949456068 118.78821707860854
263.434068500753 104.95723476564922
81.95764615483625 716.9217206498571
87.86706468547867 736.3401163803896
805.8083566297195 692.9423983625129
725.9020392194201 536.8417523948297
653.8580090725148 868.6218606084096
423.44573877357726 995.8452898739824
221.62191511719763 861.498480246451
341.22653955034866 793.560304785486
510.11390044825214 28.24881433679971
995.0551782276075 744.3728191969143
227.75397392626041 432.6299374938023
918.3138453868127 794.0304978626853
185.88883024231262 103.0360844292284
390.4711369372731 240.5361083832749
26.73635512950856 755.8604267043963
554.2364379322402 633.6232124954906
294.0891202953655 674.7218928803788
412.27072490891425 50.51044925669657
739.9377315930634 61.38246154323079
951.5672112354072 475.3513115818769
993.3969116778613 940.3277455394452
324.50777468214187 424.6551065899544
110.13031486123492 283.13644294886717
688.0630838615724 503.21450547440094
355.3034135550834 99.79364539277746
124.51693446792989 310.09123264256186
314.21100638096544 973.2367070244279
484.3082512147818 932.6089512911486
730.7170058468109 58.65177114759701
18.039038343349745 445.65096633803245
91.09960836518627 845.6309230906644
989.1674866479156 526.9363818407155
680.3672538047266 533.583276401732
677.8516533169689 231.26277866656497
995.8278901948661 829.1330091270265
812.9624012287807 120.61983261860144
858.9524121974774 524.6609096688248
810.6319287373923 219.41780085735317
